  1.035070E+00 
 -1.062150E-01  4.016100E-01 
 -7.410000E-03  1.791500E-02  2.858500E-01 
  3.035000E-03 -1.529500E-02  3.028500E-02  3.059500E-01 
 -2.730000E-03  8.920000E-03 -2.135500E-02 -5.490000E-03  3.805950E-01 
  1.403500E-02 -3.772000E-02 -4.949500E-02 -2.817000E-02 -1.023000E-02  1.034100E+00 
 -3.556000E-02  5.705500E-02  1.135650E-01  7.446500E-02  2.585000E-02 -1.013150E-01  3.835850E-01 
  5.418500E-02 -1.462650E-01 -1.620000E-01 -9.050000E-02 -7.780500E-02 -2.450000E-03  2.056500E-02  2.880550E-01 
  2.151500E-02 -5.357000E-02 -7.178500E-02 -2.891000E-02 -6.716500E-02 -1.215000E-03  8.150000E-03 -4.830000E-03  3.030700E-01 
  1.081000E-02 -2.827500E-02 -8.305500E-02 -6.638500E-02  3.641400E-01 -2.430000E-03  1.303500E-02 -2.929500E-02 -2.909500E-02  4.731650E-01 
  8.330000E-03 -1.633500E-02  3.446000E-02 -2.103000E-02  5.985000E-03 -1.785000E-03  3.445000E-03 -7.535000E-03  5.380000E-03 -1.078500E-02  1.039345E+00 
 -2.230000E-02  8.985000E-03 -9.644000E-02  6.898000E-02 -1.820000E-02  5.965000E-03 -7.790000E-03  2.873500E-02 -2.870500E-02  5.943500E-02 -1.521100E-01  6.527150E-01 
 -4.860000E-02  1.359200E-01 -1.882300E-01  1.132650E-01 -1.081000E-02  1.162500E-02 -3.661500E-02  5.155000E-02 -3.900000E-04 -6.505000E-03  3.410000E-03 -2.360000E-02  3.624200E-01 
  2.530500E-02 -6.901000E-02  9.800000E-02 -5.531000E-02  6.115000E-03  1.250000E-03 -1.169000E-02 -3.645000E-03  5.655000E-03  2.165000E-03  3.700000E-04 -7.500000E-05  1.160000E-03  3.601650E-01 
 -9.795000E-03  3.189000E-02 -5.137500E-02  2.176500E-02  8.572500E-02  5.885000E-03 -2.488000E-02  4.559000E-02  3.042000E-02 -1.908850E-01  3.054000E-02 -1.637450E-01  5.333000E-02  8.775000E-03  8.540250E-01 
 -5.427500E-02  1.412550E-01 -2.345000E-02 -2.746450E-01 -3.713500E-02  1.516500E-02 -5.264000E-02  3.530500E-02  5.340000E-02  1.300000E-04  1.394500E-02 -6.388500E-02 -3.797000E-02  5.981000E-02  1.479000E-02  3.027000E-01 
  1.612000E-02 -5.774500E-02 -4.960500E-02 -2.780000E-03 -4.730000E-03 -5.596500E-02  1.458700E-01  2.194650E-01 -1.651700E-01  1.705000E-03 -7.680000E-03  3.604000E-02  4.556500E-02 -1.502500E-02  1.773000E-02 -4.059000E-02  3.035150E-01 
  1.194000E-02 -3.953500E-02 -4.321500E-02 -4.664000E-02 -1.339000E-02 -5.567500E-02  1.439850E-01  2.974000E-02  2.700850E-01  3.935000E-02  4.785000E-03 -2.287500E-02 -2.657500E-02  8.930000E-03 -7.510000E-03  6.087500E-02 -7.599500E-02  3.043100E-01 
 -2.500000E-03  8.680000E-03 -6.040000E-03  9.565000E-03 -4.350000E-04 -1.585000E-03  5.400000E-03 -3.720000E-03  1.700000E-03  1.700000E-03  6.685000E-03 -1.638500E-02  7.650000E-04 -4.770000E-02 -1.234000E-02 -8.720000E-03 -1.600000E-03  2.055000E-03  1.033000E+00 
  9.200000E-03 -2.868500E-02  2.278500E-02 -4.044500E-02  4.600000E-04  5.540000E-03 -1.848000E-02  1.427000E-02 -5.535000E-03 -6.860000E-03 -1.354000E-02  3.030000E-03 -1.605000E-03  1.380600E-01  3.831000E-02  3.547000E-02  4.995000E-03 -6.260000E-03 -1.043500E-01  4.107700E-01 
  6.235000E-03 -2.828000E-02  1.385000E-02 -1.466500E-02  6.260000E-03  4.405000E-03 -1.589000E-02  4.095000E-03 -1.355500E-02  2.195000E-03 -1.365000E-03  6.075000E-03 -6.300000E-04  1.025000E-02  5.965000E-03  7.875000E-03  6.975000E-03 -7.715000E-03 -1.350000E-04  1.325000E-03  3.386400E-01 
 -1.099500E-02  4.080000E-02 -4.183500E-02  4.200500E-02  1.225000E-03 -2.600000E-03  1.261000E-02 -1.512500E-02 -1.617500E-02  1.155500E-02  3.839500E-02 -1.222400E-01  6.375000E-03 -2.590950E-01 -6.699000E-02 -5.335000E-02  6.475000E-03 -1.572500E-02 -6.140000E-03  1.374000E-02  4.630000E-03  2.739350E-01 
 -1.025000E-03  2.565000E-03 -9.200000E-04  7.885000E-03 -2.708000E-02 -3.500000E-04  1.785000E-03  2.750000E-04  1.865000E-03 -1.313500E-02  7.080000E-03 -2.042000E-02  2.515000E-03 -3.944000E-02  9.735000E-03 -6.200000E-03 -1.950000E-04  2.400000E-04 -2.240000E-03  7.940000E-03 -2.190000E-03 -1.428500E-02  3.263150E-01 
 -2.665000E-03  9.805000E-03 -1.175000E-02 -1.510000E-03  6.900000E-04  1.330000E-03 -4.395000E-03  4.750000E-03  7.550000E-04  7.905000E-03  6.705000E-03 -1.685000E-02  3.869000E-02  2.502000E-02 -1.625500E-02  6.260000E-03  2.125000E-03  3.300000E-04 -2.510000E-03  9.245000E-03 -6.430000E-03 -1.047000E-02  6.500000E-05  1.033080E+00 
  9.990000E-03 -3.352500E-02  4.854000E-02  8.750000E-03 -6.185000E-03 -5.395000E-03  1.645500E-02 -2.007000E-02 -2.950000E-03 -3.336500E-02 -1.390000E-02  6.180000E-03 -1.119050E-01 -7.388000E-02  5.023000E-02 -2.372500E-02 -9.155000E-03 -2.205000E-03  9.325000E-03 -3.163500E-02  2.860500E-02  4.243000E-02 -1.965000E-03 -1.049200E-01  4.133450E-01 
  1.268500E-02 -5.302500E-02  5.716500E-02 -1.155000E-02  1.200000E-04 -6.520000E-03  2.420000E-02 -2.272500E-02 -2.965000E-03 -3.821000E-02 -3.199500E-02  1.042150E-01 -1.751400E-01 -1.119050E-01  7.568000E-02 -2.116500E-02 -1.437500E-02  2.615000E-03  4.920000E-03 -1.797500E-02  2.385000E-03  4.431000E-02 -3.210000E-03  4.575000E-03 -8.885000E-03  2.943500E-01 
 -6.200000E-04  5.865000E-03  1.465500E-02 -1.716000E-02 -7.470000E-03 -1.485000E-03  4.435000E-03 -7.265000E-03  2.980000E-03 -2.069000E-02 -2.011500E-02  6.464500E-02 -1.092550E-01 -6.986000E-02  4.795500E-02  3.090000E-03 -8.890000E-03  5.065000E-03  1.071000E-02 -4.540000E-02  1.598500E-02  4.363500E-02  6.165000E-03  2.875000E-03 -5.270000E-03 -2.919000E-02  3.207500E-01 
 -2.560000E-03  9.080000E-03 -1.140500E-02 -2.910000E-03 -1.602000E-02  2.120000E-03 -6.815000E-03  9.770000E-03  2.655000E-03  2.665000E-03  1.091000E-02 -3.298500E-02  5.409000E-02  3.434000E-02 -4.550000E-03  7.680000E-03  3.270000E-03  1.210000E-03 -1.185000E-03  3.350000E-03 -1.118000E-02 -9.160000E-03 -1.493500E-02 -2.730000E-03  8.770000E-03  1.512000E-02  9.965000E-03  3.221700E-01 
  3.190000E-03 -1.180000E-02  5.520000E-03 -1.200000E-02  8.900000E-03  2.945000E-03 -1.003500E-02  2.375000E-03 -6.460000E-03 -2.533000E-02  1.147000E-02 -5.329500E-02 -1.781000E-02 -4.733500E-02  5.903000E-02  2.965000E-03  3.615000E-03 -6.855000E-03 -4.748000E-02  1.159050E-01  2.084450E-01  1.247900E-01 -1.703950E-01 -9.230000E-03  3.772000E-02  3.412500E-02  3.131500E-02 -5.665000E-03  3.052950E-01 
  2.490000E-03 -9.485000E-03  9.060000E-03 -6.885000E-03 -1.887500E-02  2.850000E-04  1.010000E-03 -8.655000E-03 -1.220500E-02  3.746500E-02  2.780000E-03 -3.765000E-03 -1.373000E-02 -4.166500E-02 -1.259250E-01 -5.280000E-03 -5.650000E-04 -3.750000E-03 -4.677000E-02  1.161000E-01  5.348000E-02  4.884000E-02  2.841900E-01  1.165000E-03 -3.550000E-03 -5.060000E-03 -1.435000E-03 -9.610000E-03 -7.200000E-02  3.195350E-01 
 -9.665000E-03  3.815500E-02 -3.622500E-02  2.801500E-02  4.350000E-03 -2.395000E-03  9.030000E-03  4.700000E-04  1.093500E-02 -9.400000E-03  1.139000E-02 -5.386500E-02  3.543000E-02 -4.474000E-02  3.248000E-02 -1.906500E-02 -7.200000E-04  1.430000E-03 -4.733000E-02  1.145950E-01 -2.742850E-01  8.990000E-02 -7.477000E-02  5.565000E-03 -2.129500E-02 -7.860000E-03 -1.786000E-02  8.405000E-03 -5.701500E-02 -6.951500E-02  3.074400E-01 
  4.700000E-04 -6.400000E-04  4.600000E-03 -1.810000E-03 -1.762500E-02 -2.250000E-04  1.125000E-03 -5.030000E-03 -5.310000E-03  3.975000E-02  2.910000E-03 -4.690000E-03  2.218000E-02  1.511500E-02 -1.311700E-01 -2.620000E-03 -1.550000E-03  1.020000E-03  2.905000E-03 -1.052000E-02 -5.350000E-04  1.137000E-02 -7.010000E-03 -4.676000E-02  1.157800E-01 -2.667000E-02  1.020000E-02  2.922250E-01 -9.360000E-03  1.916500E-02 -6.835000E-03  3.198250E-01 
  6.225000E-03 -2.337000E-02  1.795500E-02  5.730000E-03  5.400000E-03 -9.000000E-04  2.080000E-03 -1.355000E-03  2.700000E-03 -1.502000E-02  1.079000E-02 -4.880000E-02  2.793000E-02  5.144000E-02  2.949500E-02  1.410000E-03 -7.600000E-04 -8.050000E-04 -9.515000E-03  3.843000E-02 -9.445000E-03 -4.687000E-02 -3.040000E-03 -4.711000E-02  1.138350E-01  3.836000E-02 -2.801850E-01 -9.517500E-02 -1.887500E-02 -9.480000E-03  8.750000E-03 -6.902000E-02  3.060200E-01 
 -9.665000E-03  3.913000E-02 -4.137500E-02  1.109500E-02  8.925000E-03  3.655000E-03 -1.394500E-02  1.596500E-02  5.275000E-03 -5.200000E-03  1.201000E-02 -5.801000E-02  5.905500E-02  3.865000E-03  5.451500E-02  7.040000E-03  9.815000E-03 -1.930000E-03  4.165000E-03 -1.513000E-02  1.273500E-02  9.425000E-03  6.165000E-03 -4.745000E-02  1.156100E-01 -2.304300E-01  1.320700E-01 -1.331100E-01  8.790000E-03 -9.075000E-03  2.970000E-03 -7.327000E-02 -5.703500E-02  3.080300E-01 
