  1.033605E+00 
 -1.009450E-01  3.916800E-01 
 -1.333000E-02  4.680000E-02  2.596150E-01 
  3.610000E-03 -1.663500E-02  5.629000E-02  2.891500E-01 
 -4.210000E-03  1.756500E-02 -7.768500E-02 -3.906000E-02  6.001250E-01 
  1.376500E-02 -3.546000E-02 -4.636500E-02 -2.790000E-02 -9.365000E-03  1.033815E+00 
 -3.385500E-02  4.291500E-02  1.019800E-01  7.115500E-02  2.656500E-02 -1.012850E-01  3.910400E-01 
  5.334500E-02 -1.370350E-01 -1.503550E-01 -9.529500E-02 -2.740000E-02  3.900000E-04  5.235000E-03  2.906350E-01 
  2.052000E-02 -4.654500E-02 -7.463000E-02 -3.059000E-02 -7.385000E-03 -1.450000E-04  1.905000E-03 -2.045000E-03  2.958800E-01 
  1.033000E-02 -2.580000E-02 -2.884000E-02 -1.503500E-02 -3.227000E-02  2.240000E-03 -8.060000E-03 -1.240000E-02 -3.674500E-02  5.920150E-01 
  8.270000E-03 -1.461500E-02  3.541500E-02 -1.969000E-02  1.085000E-03 -1.925000E-03  3.770000E-03 -1.086500E-02  2.140000E-03  7.810000E-03  1.040935E+00 
 -2.347000E-02  6.785000E-03 -1.131200E-01  6.658500E-02  1.069500E-02  6.910000E-03 -9.410000E-03  4.846000E-02 -1.166500E-02 -4.511000E-02 -1.600550E-01  6.880600E-01 
 -4.855000E-02  1.236000E-01 -1.745400E-01  1.142700E-01 -3.596500E-02  1.177000E-02 -3.758000E-02  4.627000E-02 -8.300000E-03  5.073000E-02  9.500000E-05 -6.740000E-03  4.155150E-01 
  2.490000E-02 -6.127000E-02  9.425500E-02 -5.418000E-02  5.955000E-03  7.950000E-04 -9.420000E-03 -7.095000E-03  3.945000E-03  3.080000E-03  2.140000E-03 -9.465000E-03 -1.385500E-02  3.888400E-01 
 -9.770000E-03  3.088000E-02 -2.655500E-02  2.931500E-02  7.212000E-02  3.515000E-03 -1.867000E-02 -4.915000E-03 -1.978000E-02  1.232750E-01  2.446500E-02 -1.342150E-01  4.986500E-02  4.670000E-03  7.047950E-01 
 -5.784000E-02  1.522750E-01 -2.602000E-02 -2.670800E-01 -4.082000E-02  1.517000E-02 -5.516500E-02  3.360500E-02  4.664000E-02  2.499500E-02  1.447500E-02 -6.901000E-02 -4.402000E-02  5.841500E-02  1.590000E-03  3.169600E-01 
  1.706000E-02 -6.450500E-02 -4.218000E-02 -9.355000E-03  3.205000E-03 -5.763000E-02  1.489750E-01  2.117750E-01 -1.650550E-01  5.425000E-03 -8.950000E-03  4.493000E-02  4.697500E-02 -1.761000E-02  9.025000E-03 -4.231500E-02  3.122950E-01 
  1.164500E-02 -3.965000E-02 -4.767000E-02 -4.425500E-02 -1.422000E-02 -5.630000E-02  1.426100E-01  2.731000E-02  2.655300E-01  4.456500E-02  5.035000E-03 -2.507500E-02 -2.743500E-02  7.900000E-03 -1.183000E-02  6.402000E-02 -7.678000E-02  3.197100E-01 
 -2.335000E-03  7.645000E-03 -5.160000E-03  9.190000E-03  1.095000E-03 -1.550000E-03  5.075000E-03 -2.930000E-03  2.660000E-03 -3.350000E-03  6.220000E-03 -1.418500E-02  1.505000E-03 -4.758000E-02 -1.116000E-02 -8.295000E-03 -1.525000E-03  2.300000E-03  1.033150E+00 
  8.615000E-03 -2.506000E-02  1.987000E-02 -3.884500E-02 -8.350000E-03  5.485000E-03 -1.749000E-02  1.105000E-02 -9.965000E-03  1.579000E-02 -1.101500E-02 -8.610000E-03 -3.675000E-03  1.342850E-01  3.542500E-02  3.440000E-02  4.925000E-03 -7.405000E-03 -1.051850E-01  4.150700E-01 
  5.985000E-03 -2.662500E-02  1.367000E-02 -1.262000E-02  3.000000E-04  4.360000E-03 -1.571000E-02  3.755000E-03 -1.415000E-02  8.190000E-03 -8.300000E-04  3.065000E-03 -1.540000E-03  9.900000E-03  1.005000E-02  6.995000E-03  6.980000E-03 -8.380000E-03 -2.250000E-04  2.105000E-03  3.439150E-01 
 -1.005500E-02  3.516000E-02 -3.551000E-02  4.027000E-02  1.066500E-02 -2.175000E-03  1.009000E-02 -9.305000E-03 -1.097000E-02 -1.970000E-02  3.602000E-02 -1.120250E-01  1.136000E-02 -2.612800E-01 -5.897500E-02 -5.164500E-02  7.905000E-03 -1.740000E-02 -7.550000E-03  1.961500E-02  6.435000E-03  2.653050E-01 
 -8.900000E-04  1.385000E-03  2.810000E-03  1.021000E-02 -4.455500E-02 -2.150000E-04  8.050000E-04  6.200000E-04  1.590000E-03 -7.035000E-03  7.640000E-03 -2.406500E-02  6.930000E-03 -4.024000E-02  2.304000E-02 -4.925000E-03 -2.500000E-05  1.140000E-03 -2.635000E-03  9.740000E-03 -3.385000E-03 -1.967500E-02  3.353350E-01 
 -2.455000E-03  8.545000E-03 -1.243500E-02 -3.475000E-03  7.505000E-03  1.305000E-03 -4.110000E-03  6.060000E-03  2.385000E-03 -3.605000E-03  6.140000E-03 -1.402500E-02  3.834500E-02  2.430000E-02 -1.671000E-02  6.285000E-03  2.315000E-03  5.450000E-04 -2.355000E-03  8.470000E-03 -6.870000E-03 -9.725000E-03 -4.100000E-04  1.033315E+00 
  9.115000E-03 -2.864000E-02  5.327000E-02  1.818500E-02 -4.170500E-02 -5.285000E-03  1.518000E-02 -2.642000E-02 -1.082500E-02  2.133000E-02 -1.082500E-02 -8.840000E-03 -1.063400E-01 -6.953500E-02  5.525500E-02 -2.394500E-02 -1.026000E-02 -3.205000E-03  8.530000E-03 -2.772000E-02  3.046500E-02  3.851000E-02  4.000000E-04 -1.062350E-01  4.204600E-01 
  1.144500E-02 -4.601000E-02  5.955000E-02 -1.775000E-03 -3.403500E-02 -6.285000E-03  2.243000E-02 -2.884000E-02 -1.065500E-02  1.850000E-02 -2.935000E-02  9.160500E-02 -1.755700E-01 -1.081950E-01  7.829500E-02 -1.974000E-02 -1.528500E-02  1.905000E-03  4.125000E-03 -1.411500E-02  4.050000E-03  4.031000E-02 -8.950000E-04  4.855000E-03 -9.085000E-03  2.914150E-01 
 -1.270000E-03  8.685000E-03  1.900500E-02 -1.014500E-02 -3.436500E-02 -1.425000E-03  3.445000E-03 -1.262500E-02 -2.995000E-03  2.114000E-02 -1.841500E-02  5.653500E-02 -1.087900E-01 -6.984500E-02  5.118500E-02  5.705000E-03 -1.041000E-02  5.110000E-03  1.048500E-02 -4.391000E-02  1.776500E-02  4.236000E-02  8.305000E-03  2.960000E-03 -5.355000E-03 -3.040000E-02  3.279250E-01 
 -2.145000E-03  6.480000E-03 -1.028000E-02 -3.735000E-03 -2.473500E-02  2.260000E-03 -7.140000E-03  1.217500E-02  4.405000E-03 -7.995000E-03  1.108500E-02 -3.471500E-02  5.773000E-02  3.362000E-02  8.690000E-03  9.290000E-03  4.170000E-03  2.075000E-03 -1.185000E-03  3.245000E-03 -1.157500E-02 -9.515000E-03 -1.520500E-02 -3.390000E-03  1.175000E-02  2.007500E-02  1.553000E-02  3.258400E-01 
  3.180000E-03 -1.135500E-02  8.570000E-03 -1.034000E-02  4.330000E-03  2.565000E-03 -9.115000E-03 -3.730000E-03 -1.161500E-02  1.374500E-02  1.097500E-02 -5.143000E-02 -2.048500E-02 -4.703000E-02  4.162500E-02  2.630000E-03  1.735000E-03 -6.070000E-03 -4.746000E-02  1.173800E-01  2.081550E-01  1.229050E-01 -1.680400E-01 -9.190000E-03  3.780000E-02  3.429500E-02  3.215500E-02 -3.810000E-03  2.952500E-01 
  2.575000E-03 -9.505000E-03  1.840000E-03 -1.039500E-02 -1.965000E-03  8.750000E-04 -6.250000E-04  4.670000E-03  1.585000E-03 -4.942500E-02  3.415000E-03 -7.110000E-03 -1.481000E-02 -4.132000E-02 -9.818000E-02 -2.575000E-03  1.535000E-03 -2.880000E-03 -4.698500E-02  1.172750E-01  5.215500E-02  4.515500E-02  2.791500E-01  1.745000E-03 -7.085000E-03 -7.915000E-03 -3.765000E-03 -1.276500E-02 -6.603000E-02  3.082550E-01 
 -9.385000E-03  3.511000E-02 -3.017000E-02  2.952000E-02 -3.760000E-03 -2.635000E-03  9.075000E-03 -3.995000E-03  6.710000E-03  2.130000E-02  1.062000E-02 -5.022500E-02  4.209000E-02 -4.935000E-02  2.584000E-02 -2.001000E-02 -1.595000E-03  2.250000E-03 -4.709000E-02  1.148200E-01 -2.740050E-01  8.847500E-02 -7.335000E-02  5.255000E-03 -1.949000E-02 -6.835000E-03 -1.670000E-02  9.365000E-03 -5.741500E-02 -6.786000E-02  3.045750E-01 
  5.850000E-04 -1.265000E-03 -2.520000E-03 -5.520000E-03 -3.385000E-03  3.400000E-04 -2.600000E-04  8.020000E-03  8.040000E-03 -4.550000E-02  3.650000E-03 -8.590000E-03  2.332000E-02  1.558000E-02 -1.004000E-01  0.000000E+00  7.350000E-04  2.060000E-03  2.780000E-03 -1.054000E-02 -1.800000E-03  1.030000E-02 -1.089500E-02 -4.643000E-02  1.139350E-01 -2.714000E-02  9.850000E-03  2.876700E-01 -5.845000E-03  1.384000E-02 -5.740000E-03  3.089050E-01 
  6.000000E-03 -2.175000E-02  1.996000E-02  5.230000E-03 -2.775000E-03 -1.070000E-03  2.760000E-03 -6.160000E-03 -1.715000E-03  1.500500E-02  1.072500E-02 -4.933500E-02  2.570000E-02  5.255000E-02  2.072000E-02  2.150000E-04 -2.270000E-03 -5.950000E-04 -9.300000E-03  3.763500E-02 -9.195000E-03 -4.614000E-02 -1.500000E-03 -4.771000E-02  1.180900E-01  4.162000E-02 -2.770050E-01 -9.445500E-02 -1.919000E-02 -8.065000E-03  7.785000E-03 -6.508500E-02  2.973200E-01 
 -9.275000E-03  3.579500E-02 -3.852000E-02  8.955000E-03  1.546500E-02  3.405000E-03 -1.310000E-02  1.180500E-02  9.900000E-04  2.041000E-02  1.056500E-02 -5.047000E-02  6.401500E-02  1.955000E-03  3.509000E-02  6.000000E-03  9.395000E-03 -1.995000E-03  4.325000E-03 -1.565500E-02  1.282500E-02  1.070500E-02  7.190000E-03 -4.704000E-02  1.147500E-01 -2.304000E-01  1.324200E-01 -1.317850E-01  5.855000E-03 -5.060000E-03  2.750000E-03 -6.799500E-02 -5.860000E-02  3.045050E-01 
